1
int: 0   000 0000 | 0   000 0000 | 0000 0000 | 0000 0001
flo: 0 | 011 1111   1 | 000 0000   0000 0000   0000 0000

2
int: 0   000 0000 | 0   000 0000 | 0000 0000 | 0000 0010
flo: 0 | 100 0000   0 | 000 0000   0000 0000   0000 0000

3
int: 0   000 0000 | 0   000 0000 | 0000 0000 | 0000 0011
flo: 0 | 100 0000   0 | 100 0000   0000 0000   0000 0000

10
int: 0   000 0000 | 0   000 0000 | 0000 0000 | 0000 1010
flo: 0 | 100 0001   0 | 010 0000   0000 0000   0000 0000

13
int: 0   000 0000 | 0   000 0000 | 0000 0000 | 0000 1101
flo: 0 | 100 0001   0 | 101 0000   0000 0000   0000 0000

256
int: 0   000 0000 | 0   000 0000 | 0000 0001 | 0000 0000
flo: 0 | 100 0011   1 | 000 0000   0000 0000   0000 0000
